1,ft.C.4,4,0
2,ft.J.4,4,0
2,ft.C.4,4,0
2,ft.K.4,4,0
2,cg.B.x,4,0
3,cg.C.x,1,0
3,cg.C.x,1,0
3,bt.J.x,1,0
3,bt.J.x,1,0
4,bt.K.x,3,0
4,bt.L.x,3,0
4,ft.C.4,4,0
4,ft.B.4,4,0
5,ft.O.4,4,0
26,ft.C.4,4,0
27,ft.J.4,4,0
27,ft.C.4,4,0
27,ft.K.4,4,0
27,cg.B.x,4,0
28,cg.C.x,1,0
28,cg.C.x,1,0
28,bt.J.x,1,0
28,bt.J.x,1,0
29,bt.K.x,3,0
29,bt.L.x,3,0
29,ft.C.4,4,0
29,ft.B.4,4,0
30,ft.O.4,4,0
51,ft.C.4,4,0
52,ft.J.4,4,0
52,ft.C.4,4,0
52,ft.K.4,4,0
52,cg.B.x,4,0
53,cg.C.x,1,0
53,cg.C.x,1,0
53,bt.J.x,1,0
53,bt.J.x,1,0
54,bt.K.x,2,0
54,bt.L.x,2,0
54,ft.C.4,4,0
54,ft.B.4,4,0
55,ft.O.4,4,0
